% size iterations density threads err time err time
data = [[4  200 0.6 1 0.07229 7.5e-05 -nan  8e-05],
[4  200 0.7 1 0.06651 7.4e-05 -nan  8.1e-05],
[4  200 0.8 1 0.07969 7.4e-05 -nan  8.1e-05],
[4  200 0.9 1 0.08314 7.4e-05 -nan  8e-05],
[4  200 1 1 0.1609  7.5e-05 -nan  8.1e-05],
[4  200 0.6 2 0.07229 0.000512  -nan  0.000471],
[4  200 0.7 2 0.06651 0.000499  -nan  0.000472],
[4  200 0.8 2 0.07969 0.000508  -nan  0.000454],
[4  200 0.9 2 0.08314 0.000538  -nan  0.000476],
[4  200 1 2 0.1609  0.000553  -nan  0.000478],
[4  200 0.6 4 0.07229 0.000632  -nan  0.000599],
[4  200 0.7 4 0.06651 0.000633  -nan  0.000556],
[4  200 0.8 4 0.07969 0.000641  -nan  0.000551],
[4  200 0.9 4 0.08314 0.000634  -nan  0.000626],
[4  200 1 4 0.1609  0.000654  -nan  0.000567],
[4  200 0.6 8 0.07229 0.000886  -nan  0.000825],
[4  200 0.7 8 0.06651 0.0009  -nan  0.000817],
[4  200 0.8 8 0.07969 0.000947  -nan  0.000883],
[4  200 0.9 8 0.08314 0.000882  -nan  0.000816],
[4  200 1 8 0.1609  0.000895  -nan  0.000817],
[4  200 0.6 16  0.07229 4.855 -nan  4.906],
[4  200 0.7 16  0.06651 4.603 -nan  4.447],
[4  200 0.8 16  0.07969 4.652 -nan  4.683],
[4  200 0.9 16  0.08314 4.694 -nan  5.149],
[4  200 1 16  0.1609  4.926 -nan  4.624],
[4  200 0.6 32  0.07229 0.02165 -nan  0.01889],
[4  200 0.7 32  0.06651 0.02242 -nan  0.02124],
[4  200 0.8 32  0.07969 0.0225  -nan  0.01965],
[4  200 0.9 32  0.08314 0.0225  -nan  0.02174],
[4  200 1 32  0.1609  0.02398 -nan  0.01932],
[20 200 0.6 1 0.01324 0.000383  -nan  0.000399],
[20 200 0.7 1 0.01585 0.000381  -nan  0.000385],
[20 200 0.8 1 0.01853 0.000381  -nan  0.000391],
[20 200 0.9 1 0.02122 0.000378  -nan  0.000387],
[20 200 1 1 0.02292 0.000381  -nan  0.000396],
[20 200 0.6 2 0.01324 0.001142  -nan  0.001167],
[20 200 0.7 2 0.01585 0.00132 -nan  0.000898],
[20 200 0.8 2 0.01853 0.00123 -nan  0.000999],
[20 200 0.9 2 0.02122 0.001302  -nan  0.000962],
[20 200 1 2 0.02292 0.001237  -nan  0.000967],
[20 200 0.6 4 0.01324 0.001399  -nan  0.001092],
[20 200 0.7 4 0.01585 0.001402  -nan  0.001351],
[20 200 0.8 4 0.01853 0.001501  -nan  0.00159],
[20 200 0.9 4 0.02122 0.001414  -nan  0.001524],
[20 200 1 4 0.02292 0.001586  -nan  0.00154],
[20 200 0.6 8 0.01324 0.001875  -nan  0.001884],
[20 200 0.7 8 0.01585 0.001719  -nan  0.001777],
[20 200 0.8 8 0.01853 0.001774  -nan  0.001709],
[20 200 0.9 8 0.02122 0.002014  -nan  0.001891],
[20 200 1 8 0.02292 0.001811  -nan  0.001839],
[20 200 0.6 16  0.01324 4.521 -nan  4.639],
[20 200 0.7 16  0.01585 4.413 -nan  4.454],
[20 200 0.8 16  0.01853 4.619 -nan  4.988],
[20 200 0.9 16  0.02122 4.822 -nan  4.294],
[20 200 1 16  0.02292 4.515 -nan  4.636],
[20 200 0.6 32  0.01324 0.02285 -nan  0.02108],
[20 200 0.7 32  0.01585 0.02199 -nan  0.02203],
[20 200 0.8 32  0.01853 0.0224  -nan  0.02279],
[20 200 0.9 32  0.02122 0.02118 -nan  0.01917],
[20 200 1 32  0.02292 0.02338 -nan  0.02068],
[40 200 0.6 1 0.01083 0.001303  -nan  0.001179],
[40 200 0.7 1 0.0114  0.001311  -nan  0.001175],
[40 200 0.8 1 0.01042 0.001302  -nan  0.001175],
[40 200 0.9 1 0.01034 0.001308  -nan  0.001176],
[40 200 1 1 0.01155 0.001306  -nan  0.001192],
[40 200 0.6 2 0.01083 0.002319  -nan  0.001472],
[40 200 0.7 2 0.0114  0.002324  -nan  0.001481],
[40 200 0.8 2 0.01042 0.002336  -nan  0.001455],
[40 200 0.9 2 0.01034 0.002361  -nan  0.001454],
[40 200 1 2 0.01155 0.002302  -nan  0.001518],
[40 200 0.6 4 0.01083 0.002431  -nan  0.001552],
[40 200 0.7 4 0.0114  0.002406  -nan  0.001602],
[40 200 0.8 4 0.01042 0.002421  -nan  0.001577],
[40 200 0.9 4 0.01034 0.002489  -nan  0.00145],
[40 200 1 4 0.01155 0.002433  -nan  0.001614],
[40 200 0.6 8 0.01083 0.002869  -nan  0.001633],
[40 200 0.7 8 0.0114  0.002859  -nan  0.001647],
[40 200 0.8 8 0.01042 0.0029  -nan  0.001714],
[40 200 0.9 8 0.01034 0.002833  -nan  0.001757],
[40 200 1 8 0.01155 0.00288 -nan  0.001726],
[40 200 0.6 16  0.01083 4.874 -nan  4.754],
[40 200 0.7 16  0.0114  4.861 -nan  5.045],
[40 200 0.8 16  0.01042 4.778 -nan  5.055],
[40 200 0.9 16  0.01034 4.855 -nan  5.089],
[40 200 1 16  0.01155 4.699 -nan  5.185],
[40 200 0.6 32  0.01083 0.0228  -nan  0.02331],
[40 200 0.7 32  0.0114  0.02206 -nan  0.02211],
[40 200 0.8 32  0.01042 0.022 -nan  0.02132],
[40 200 0.9 32  0.01034 0.02279 -nan  0.02236],
[40 200 1 32  0.01155 0.02349 -nan  0.02067],
[100  200 0.6 1 0.003602  0.007484  -nan  0.006299],
[100  200 0.7 1 0.003372  0.007421  -nan  0.006315],
[100  200 0.8 1 0.003623  0.007434  -nan  0.006305],
[100  200 0.9 1 0.004197  0.007514  -nan  0.006316],
[100  200 1 1 0.004364  0.007443  -nan  0.006259],
[100  200 0.6 2 0.003602  0.004547  -nan  0.004022],
[100  200 0.7 2 0.003372  0.004561  -nan  0.003856],
[100  200 0.8 2 0.003623  0.004551  -nan  0.003957],
[100  200 0.9 2 0.004197  0.004568  -nan  0.004039],
[100  200 1 2 0.004364  0.004562  -nan  0.004057],
[100  200 0.6 4 0.003602  0.003421  -nan  0.00295],
[100  200 0.7 4 0.003372  0.003528  -nan  0.002773],
[100  200 0.8 4 0.003623  0.003397  -nan  0.002558],
[100  200 0.9 4 0.004197  0.003553  -nan  0.002561],
[100  200 1 4 0.004364  0.003655  -nan  0.002966],
[100  200 0.6 8 0.003602  0.003048  -nan  0.002273],
[100  200 0.7 8 0.003372  0.003167  -nan  0.002768],
[100  200 0.8 8 0.003623  0.003056  -nan  0.002401],
[100  200 0.9 8 0.004197  0.003141  -nan  0.002626],
[100  200 1 8 0.004364  0.003204  -nan  0.002621],
[100  200 0.6 16  0.003602  4.637 -nan  4.864],
[100  200 0.7 16  0.003372  4.638 -nan  5.088],
[100  200 0.8 16  0.003623  4.627 -nan  4.526],
[100  200 0.9 16  0.004197  4.662 -nan  4.762],
[100  200 1 16  0.004364  4.535 -nan  5.003],
[100  200 0.6 32  0.003602  0.02053 -nan  0.0233],
[100  200 0.7 32  0.003372  0.02096 -nan  0.01951],
[100  200 0.8 32  0.003623  0.02225 -nan  0.02117],
[100  200 0.9 32  0.004197  0.02285 -nan  0.02269],
[100  200 1 32  0.004364  0.0209  -nan  0.02039],
[200  200 0.6 1 0.002087  0.02891 -nan  0.02392],
[200  200 0.7 1 0.002005  0.02885 -nan  0.02381],
[200  200 0.8 1 0.00211 0.02907 -nan  0.02427],
[200  200 0.9 1 0.002212  0.02889 -nan  0.02393],
[200  200 1 1 0.002215  0.02898 -nan  0.02423],
[200  200 0.6 2 0.002087  0.01548 -nan  0.01283],
[200  200 0.7 2 0.002005  0.01546 -nan  0.01284],
[200  200 0.8 2 0.00211 0.01549 -nan  0.01285],
[200  200 0.9 2 0.002212  0.01548 -nan  0.01291],
[200  200 1 2 0.002215  0.01542 -nan  0.0128],
[200  200 0.6 4 0.002087  0.009992  -nan  0.008571],
[200  200 0.7 4 0.002005  0.008888  -nan  0.007561],
[200  200 0.8 4 0.00211 0.009703  -nan  0.008077],
[200  200 0.9 4 0.002212  0.009237  -nan  0.007519],
[200  200 1 4 0.002215  0.009501  -nan  0.00899],
[200  200 0.6 8 0.002087  0.009013  -nan  0.007646],
[200  200 0.7 8 0.002005  0.009369  -nan  0.008468],
[200  200 0.8 8 0.00211 0.009166  -nan  0.008498],
[200  200 0.9 8 0.002212  0.009024  -nan  0.00852],
[200  200 1 8 0.002215  0.008929  -nan  0.008225],
[200  200 0.6 16  0.002087  4.444 -nan  4.363],
[200  200 0.7 16  0.002005  4.745 -nan  5.068],
[200  200 0.8 16  0.00211 4.748 -nan  4.75],
[200  200 0.9 16  0.002212  4.938 -nan  4.956],
[200  200 1 16  0.002215  4.643 -nan  4.759],
[200  200 0.6 32  0.002087  0.03288 -nan  0.02607],
[200  200 0.7 32  0.002005  0.02847 -nan  0.02754],
[200  200 0.8 32  0.00211 0.02837 -nan  0.02475],
[200  200 0.9 32  0.002212  0.0277  -nan  0.02493],
[200  200 1 32  0.002215  0.02858 -nan  0.02701],
[300  200 0.6 1 0.001251  0.06933 -nan  0.05497],
[300  200 0.7 1 0.001345  0.0694  -nan  0.05509],
[300  200 0.8 1 0.001408  0.06917 -nan  0.05468],
[300  200 0.9 1 0.00147 0.06914 -nan  0.05502],
[300  200 1 1 0.001625  0.06911 -nan  0.05504],
[300  200 0.6 2 0.001251  0.03518 -nan  0.02998],
[300  200 0.7 2 0.001345  0.03515 -nan  0.02924],
[300  200 0.8 2 0.001408  0.03517 -nan  0.02986],
[300  200 0.9 2 0.00147 0.03501 -nan  0.03022],
[300  200 1 2 0.001625  0.03499 -nan  0.02966],
[300  200 0.6 4 0.001251  0.02499 -nan  0.02236],
[300  200 0.7 4 0.001345  0.02489 -nan  0.0221],
[300  200 0.8 4 0.001408  0.0246  -nan  0.02114],
